2582580680 IHPN 25518 9232161
2582580680 IHPO 6813 3302507
2582580680 IHPY 9958 6990840
2582580680 IHSA 23774 6834363
2582580680 IHSB 8524 5422624
2582580680 IHTZ 5588 14080581
2582580680 IHUA 6938 10939925
2582580680 IHUB 2921 4407018
2582580680 IHUC 9691 9714025
2582580680 IHUF 18809 10084366
2582580680 IHUH 6449 7410276
2582580680 IHUI 6395 5489435
2582580680 IHUN 3918 11495928
2582580680 IHUO 5275 8365964
2582580680 IHUP 546 11981263
2582580680 IHUS 14065 3511992
2582580680 IHUZ 19268 10125002
2582580680 IHWA 27996 6241863
2582580680 IHWB 11848 5241353
2582580680 IHWF 16474 3708198
2582580680 IHWG 21725 7400745
2582580680 IHWH 14769 9958688
2582580680 IHWI 17368 8371360
2582580680 IHWN 18192 7116839
2582580680 IHWP 21296 11182694
2582580680 IHWS 4659 2433752
2582580680 IHWT 53 9220427
2582580680 IHWU 36429 6177609
2582580680 IHWW 5498 4149315
2582580680 IHWX 13836 9589080
2582580680 IHWY 39579 5310084
2582580680 IHXA 10234 7836070
2582580680 IHXF 8762 5095520
2582580680 IHXG 7953 5779147
2582580680 IHXH 7890 8498462
2582580680 IHXI 15512 1612380
2582580680 IHXN 42496 6434372
2582580680 IHXO 26170 6100129
2582580680 IHXP 34045 14530892
2582580680 IHXS 13418 7213339
2582580680 IHXT 16634 9560844
2582580680 IHXU 12376 6258676
2582580680 IHXW 1631 4291617
2582580680 IHXX 7090 9324966
2582580680 IHXY 4292 8169605
